FW261_petiolaris.fasta,1953,1790658,916.875576037,8.8434255372,57,6486,912.0,787
FW267_petiolaris.fasta,2050,2230308,1087.95512195,11.056885371,58,5469,1059.0,1137
FW268_petiolaris.fasta,1947,1635731,840.128916281,8.1177450552,57,2989,831.0,647
FW269_petiolaris.fasta,2041,2146705,1051.79078883,9.99256330277,60,5036,1040.0,1101
FW270_petiolaris.fasta,2073,2223699,1072.69609262,10.49997025,61,3645,1032.0,1112
FW271_petiolaris.fasta,1999,1915584,958.271135568,8.78534182696,206,3069,954.0,897
FW272_petiolaris.fasta,2037,1988454,976.167893962,8.78870274784,56,2707,962.0,935
FW273_petiolaris.fasta,1986,1948145,980.939073515,8.77468559086,56,2860,988.0,965
FW274_petiolaris.fasta,1893,1756146,927.705229794,8.37968800649,57,2739,941.0,812
FW525_petiolaris.fasta,2053,1923832,937.083292742,8.66824366665,59,3158,913.0,841
FW526_petiolaris.fasta,1967,1638004,832.742247077,7.90654496223,62,2348,829.0,621
FW527_petiolaris.fasta,1932,1639348,848.523809524,7.71993805407,61,2700,855.5,648
FW528_petiolaris.fasta,1969,1651228,838.612493652,7.78587668077,59,2425,835.0,625
FW529_petiolaris.fasta,1935,1574200,813.54005168,7.2787716258,56,2239,817.0,512
FW530_petiolaris.fasta,1917,1563464,815.578508086,7.36286140804,61,2398,812.0,547
FW532_petiolaris.fasta,1958,1659709,847.65526047,7.57199879781,57,2803,852.5,609
FW533_petiolaris.fasta,1950,1653839,848.122564103,7.93036174022,207,3082,851.5,653
FW534_petiolaris.fasta,1921,1670480,869.588755856,8.14233956315,56,3188,865.0,673
FW535_petiolaris.fasta,1978,1702036,860.483316481,8.03499233344,56,2490,862.5,679
FW536_petiolaris.fasta,1915,1550971,809.906527415,7.38515458491,62,2509,814.0,515

FW538_petiolaris.fasta,1957,1544761,789.351558508,6.98738756048,56,2225,793.0,472
FW539_petiolaris.fasta,1922,1501507,781.221123829,7.13111091799,206,2315,782.0,458
FW540_petiolaris.fasta,1938,1639478,845.963880289,7.78160073066,59,2861,851.0,612
FW541_petiolaris.fasta,1941,1478550,761.746522411,6.9049978749,56,2457,752.0,399
FW542_petiolaris.fasta,2050,1829122,892.254634146,8.28261257278,206,2705,855.0,641
P268_petiolaris.fasta,2089,2550072,1220.71421733,12.6630602118,59,6286,1137.0,1303
P269_petiolaris.fasta,2144,3236786,1509.69496269,17.049083072,80,6815,1349.0,1565
P270_petiolaris.fasta,2175,2956484,1359.30298851,15.6480929185,60,8156,1218.0,1466
P271_petiolaris.fasta,679,271923,400.475699558,6.12851232266,57,1236,373.0,1
P272_petiolaris.fasta,2038,2379377,1167.50588813,11.0365223901,56,4597,1146.5,1293
P273_petiolaris.fasta,2100,2655223,1264.39190476,12.9470752145,56,5299,1224.5,1391
P274_petiolaris.fasta,2148,2885863,1343.51163873,12.8608447614,60,6713,1285.5,1561
P275_petiolaris.fasta,2049,1637300,799.072718399,7.2345443384,207,3302,774.0,487
P276_petiolaris.fasta,2150,2952207,1373.11953488,14.9510793679,56,6355,1277.5,1532
P277_petiolaris.fasta,2067,2247142,1087.15142719,10.8357304616,61,4273,1056.0,1134
P302_petiolaris.fasta,2026,1743059,860.345014808,10.6359789888,56,4567,755.5,590
P303_petiolaris.fasta,2118,2775057,1310.22521246,15.7506386713,57,6217,1178.5,1338
P304_petiolaris.fasta,2029,2036585,1003.73829473,10.3896819761,57,6139,962.0,944
P305_petiolaris.fasta,2063,2431897,1178.81580223,11.8271619176,56,4171,1140.0,1260
P306_petiolaris.fasta,1984,2038000,1027.21774194,15.8602187632,59,25470,1001.5,996
P307_petiolaris.fasta,2157,3469212,1608.35048679,21.875508839,63,10532,1355.0,1531
P308_petiolaris.fasta,2142,3137580,1464.78991597,16.5615352385,61,7147,1352.5,1561
P309_petiolaris.fasta,2149,4691124,2182.93345742,30.6489383607,57,11597,1832.0,1839
P310_petiolaris.fasta,1695,1627456,960.151032448,10.1307588416,59,2766,980.0,818
P311_petiolaris.fasta,2080,2420215,1163.56490385,15.2848451542,56,5776,1020.0,1082
P312_petiolaris.fasta,2101,2681988,1276.52927178,16.6682443177,56,7492,1150.0,1236
P313_petiolaris.fasta,2097,2569358,1225.25417263,16.708575009,206,8003,1067.0,1138
P314_petiolaris.fasta,2154,3034174,1408.62302693,18.0233024359,56,8457,1229.0,1408
P315_petiolaris.fasta,2111,3002112,1422.12790147,17.9738175795,91,7890,1259.0,1394
P316_petiolaris.fasta,2074,1873039,903.104628737,10.7669510355,61,4641,810.5,690
P317_petiolaris.fasta,2100,2594931,1235.68142857,13.7600049861,56,10303,1166.0,1319
P318_petiolaris.fasta,2109,6362780,3016.96538644,63.2259567338,56,36863,2226.0,1828
P319_petiolaris.fasta,2136,3023195,1415.35346442,26.2948162287,206,11742,1067.5,1163
P320_petiolaris.fasta,2070,2318184,1119.89565217,12.8607535493,186,5153,1039.0,1101
P321_petiolaris.fasta,2105,2137146,1015.27125891,13.7053219864,79,7551,869.0,849
P322_petiolaris.fasta,2130,3016300,1416.10328638,18.9097502274,53,8602,1238.0,1383
P323_petiolaris.fasta,699,229014,327.630901288,4.17223519725,59,1478,302.0,1
P324_petiolaris.fasta,1874,1296824,692.008537887,6.92462063434,59,2248,656.0,247
P325_petiolaris.fasta,2061,2392355,1160.77389617,13.6789882023,56,6055,1066.0,1125
P326_petiolaris.fasta,1717,1178944,686.630168899,6.95448344099,59,1829,670.0,256
P327_petiolaris.fasta,2073,2001615,965.564399421,12.3281422188,206,5432,849.0,783
P328_petiolaris.fasta,2014,2181455,1083.14548163,11.7452951157,57,4620,1020.0,1052
P329_petiolaris.fasta,2095,2460314,1174.37422434,12.8669240355,56,5424,1113.0,1218
P330_petiolaris.fasta,2090,2614268,1250.84593301,14.5993084867,56,7407,1152.5,1298
P331_petiolaris.fasta,2059,2345393,1139.09324915,12.552592656,208,7095,1067.0,1149
P332_petiolaris.fasta,2179,2865583,1315.09086737,21.2096703753,56,9774,1049.0,1163
P333_petiolaris.fasta,2084,2460623,1180.72120921,12.6701896976,207,4210,1112.0,1234
P334_petiolaris.fasta,1880,1555386,827.332978723,8.09626145568,61,2584,814.0,583
P335_petiolaris.fasta,1900,1322374,695.986315789,7.2855892992,206,3156,661.5,297
P336_petiolaris.fasta,2057,2211757,1075.23432183,11.5753242628,56,4991,1012.0,1055
P337_petiolaris.fasta,1935,1372994,709.557622739,7.23334431304,56,3006,679.0,309
P338_petiolaris.fasta,1925,1638615,851.228571429,9.48391022365,56,2624,807.0,647
P339_petiolaris.fasta,1837,1441530,784.719651606,8.96807039716,206,2565,735.0,506
P340_petiolaris.fasta,1818,1465763,806.250275028,8.5977329334,58,2446,761.5,538
P341_petiolaris.fasta,40,10500,262.5,8.21373146721,206,477,255.5,0
P342_petiolaris.fasta,2136,5444018,2548.69756554,43.8219375593,68,18958,1928.0,1779
P343_petiolaris.fasta,2018,9150446,4534.41328048,103.611581073,222,42796,3054.5,1834
P344_petiolaris.fasta,1358,736397,542.265832106,6.22405527065,59,1508,518.0,41
P345_petiolaris.fasta,306,95477,312.016339869,5.97014512304,57,850,287.0,0
P346_petiolaris.fasta,224,67765,302.522321429,6.07819582226,57,618,277.5,0
P347_petiolaris.fasta,594,214649,361.361952862,6.21625249432,58,1394,317.5,6
P348_petiolaris.fasta,2136,2948929,1380.58473783,17.0739407962,56,11843,1243.5,1414
P349_petiolaris.fasta,2162,2870694,1327.79555967,18.1394645421,56,8211,1135.5,1271
P350_petiolaris.fasta,2063,2529236,1225.99903054,13.8392974731,206,7310,1154.0,1267
P351_petiolaris.fasta,2103,3000959,1426.98953875,17.6126621821,61,7302,1286.0,1459
P352_petiolaris.fasta,2165,3643566,1682.9404157,24.8106969781,65,20927,1427.0,1597
P353_petiolaris.fasta,2119,3077364,1452.27182633,17.8003415795,57,8839,1313.0,1478
P354_petiolaris.fasta,1971,1768628,897.325215627,9.21256081646,61,3196,853.0,713
P355_petiolaris.fasta,1945,1810203,930.69562982,9.59020435575,61,3119,911.0,811
P356_petiolaris.fasta,2112,3120814,1477.65814394,19.6517819174,57,12905,1318.0,1448
P357_petiolaris.fasta,2113,3087104,1461.00520587,18.8582532977,59,9805,1303.0,1454
P358_petiolaris.fasta,2026,2200154,1085.95952616,10.7293620702,58,3680,1050.0,1114
P359_petiolaris.fasta,2122,3120904,1470.73704053,18.3050905555,57,9172,1344.5,1530
P360_petiolaris.fasta,2125,2701941,1271.50164706,13.9964150029,56,5485,1173.0,1329
P361_petiolaris.fasta,2136,3148997,1474.24953184,16.3556128156,57,6374,1358.5,1573
P362_petiolaris.fasta,2148,3184695,1482.63268156,17.1111932185,56,8761,1351.0,1578
P363_petiolaris.fasta,2140,3154435,1474.03504673,16.7449628128,61,7809,1362.5,1552
P364_petiolaris.fasta,2001,2142387,1070.65817091,10.3928021909,59,4032,1050.0,1083
P365_petiolaris.fasta,2078,2416356,1162.82771896,11.8645420925,56,4075,1132.0,1248
P407_petiolaris.fasta,2169,3180126,1466.17150761,17.7958145646,56,8473,1297.0,1565
P457_petiolaris.fasta,2155,3766499,1747.79535963,20.3678945255,57,9905,1567.0,1787
P458_1_petiolaris.fasta,1824,1667808,914.368421053,8.8568104558,56,3212,912.0,743
P458_2_petiolaris.fasta,2048,2576617,1258.11376953,13.4097566894,60,4339,1192.5,1337
P462_petiolaris.fasta,2052,2615922,1274.81578947,12.5467761441,56,4515,1243.0,1409
P463_petiolaris.fasta,2072,2462890,1188.6534749,12.1418377569,56,5969,1132.5,1282
P467_petiolaris.fasta,2017,2505489,1242.18591968,12.1064639777,61,5038,1205.0,1377
P468_petiolaris.fasta,2056,2552371,1241.42558366,12.4735239941,56,5057,1208.5,1361
